2.515196346511796091e-02
5.594468611361330668e-02
-4.808180636507431577e-02
-5.322520823383208866e-02
-7.242769928141681857e-02
-4.288226489483325937e-02
-1.116254766354433242e-01
-4.718542818841411218e-02
-2.764062384402594941e-02
-5.512636804099629168e-02
-4.645311622654309247e-02
-6.799156755465612934e-02
1.396999071721009150e-02
-5.388437417114820549e-02
-4.014835677093712973e-02
3.165496679973562493e-05
-2.553911042646352103e-02
-2.003701505237013430e-02
2.671588797096302245e-02
-2.801406806864000648e-02
-9.272974523274994663e-02
4.463775182991082391e-02
5.451540116771507599e-02
1.053851829073741420e-01
7.132307017505966351e-02
3.300999159666057753e-02
4.103268508606599391e-02
-4.453092455468081468e-02
-6.510581219010341814e-02
-5.300712527358009823e-02
-9.594711709090283577e-03
4.564918880833597481e-02
-5.045966644456817418e-02
2.178271247306292832e-02
2.801378234756608104e-02
-3.690990583329858271e-02
-6.093278100329525132e-02
-6.600216266993109981e-02
-1.069673212365581244e-01
-8.303114992535604033e-02
-1.112284540800401178e-01
-5.125984295570834570e-02
-7.581783837126275516e-02
-4.492348472786880653e-02
-4.003541661134123186e-02
-4.353727157655224757e-03
-2.844627548299695496e-02
-1.921843845170701772e-03
-4.130308535208037507e-02
-8.236456177077715324e-02
-7.542873625891725886e-02
-5.930408052359634197e-02
-1.341652177971968361e-02
-1.547251579902449853e-02
1.481306743534882044e-03
4.026242294836072932e-02
1.217160378667840256e-02
-2.562176621813777935e-02
-1.658074628373159762e-02
4.793444858387238550e-02
-7.310485831756150313e-03
1.772590048019541788e-03
-4.998998987981857767e-02
-8.727246357807257049e-03
-1.058799812003124591e-01
-8.734467130827734682e-02
-8.924922979426734571e-02
-3.297409208587451235e-02
-7.637015197052558931e-05
-3.864501461648423009e-02
-4.735605215660269179e-02
-4.123238574245673832e-02
4.276603662367581271e-02
4.265265304150163417e-02
-4.390237068057316339e-02
-5.359596923295313620e-02
3.648723291745872236e-03
1.581759728455307129e-02
3.996831128328028754e-02
7.474719569198975955e-02
-3.841725343407225574e-02
8.423411112680743648e-03
2.097275360635380767e-02
5.713864443830591472e-02
-8.501775553534381136e-03
1.712818358543975739e-02
2.926261351472939781e-02
-1.748775398111668267e-02
2.785761090482267652e-02
9.016392008547997189e-03
-5.586354265182664341e-02
-5.488407753837350189e-02
-8.755237544289008744e-02
-3.089574730329569877e-02
-6.235573460242190696e-02
-1.857465951414215624e-02
4.033808555478982094e-02
-2.375138073308943193e-02
7.159424872218979330e-02
-3.600061638539646391e-02
-5.838015992553394207e-02
-2.543788320813606535e-02
-3.628847835287633827e-02
-5.628584150370812694e-02
-3.525531036904398091e-02
3.830905351788097224e-05
4.147795712424293818e-02
4.130074390875326101e-02
2.814178130035871472e-03
-5.278976355062592329e-02
2.983394782497336348e-02
5.569767315739332890e-03
-2.266562134453196584e-02
-1.633266574060916743e-02
5.374339115392630373e-02
8.732219807045329268e-03
-3.195065653200633744e-03
-5.489861763498679820e-04
-4.022152077052783964e-02
-2.899814738732361258e-02
-8.344801978442168214e-03
-7.287233644634892593e-02
-5.539320514694888453e-02
-2.223799315989745395e-02
-6.614758071834919706e-02
-5.390239297589333872e-02
3.153143379601004888e-03
-1.806884529119925573e-02
-7.696558089269703307e-02
1.909068983939451666e-02
3.145741117238037843e-02
6.521572040611708920e-02
2.471068856575087125e-02
-5.360826831551517707e-02
-2.343303933538848360e-02
-1.204744741415239052e-02
5.562070372401321100e-02
-3.457252214854294320e-02
2.127755725429454625e-02
2.771552459544681171e-02
2.909982855252084624e-03
-1.488925056902433257e-02
3.524358488650181954e-03
-4.838571952851807023e-02
-2.299705474528572491e-02
3.351671417979937631e-03
-5.794580810904879399e-03
6.756588763242141367e-03
7.873893538816413226e-03
-8.857220942831285984e-03
4.921399943850961710e-03
2.930872684460217314e-02
2.726204227210040493e-02
4.417064248219964434e-02
1.641456401978463875e-02
2.471445086825355998e-03
-5.513594444323451083e-02
-9.622339155013101900e-03
1.780068289431955414e-02
-1.037063486898677847e-02
-3.732912310143773633e-03
5.534184088794830148e-02
7.464534124562470507e-02
1.182832398076876096e-01
1.741952445778708128e-02
2.758039963205543774e-02
5.093082429367395557e-05
1.458442360308573674e-02
6.278275983432468621e-02
7.678040451069548245e-02
-7.722767539081568620e-03
-1.099056179286705438e-02
3.896440186330130118e-02
8.081466678369060574e-02
4.167177663967668033e-02
9.471060415008426825e-02
8.254293985046153026e-02
6.172277439653433423e-02
6.443934200039007354e-02
7.347226310978832199e-03
6.801858753532155633e-02
-1.283811029136699283e-02
6.464688019089744227e-03
3.185845469625377818e-02
3.622903134484353055e-02
1.467137054093573256e-01
9.471515993882564932e-02
4.656655055644980806e-02
-1.336408435363227107e-02
5.957506490592618179e-03
-1.072117778102061464e-02
-5.746425845856054093e-02
-2.391402890376356088e-02
-7.236263368796740092e-02
-8.310361799828597240e-02
-5.117004243538890440e-02
-1.004675961924356709e-01
-1.324578281944798208e-01
-5.407383751172132463e-02
-4.260231769531896973e-02
9.459893214421543489e-03
-2.623126130005386247e-02
7.687515988424383807e-03
4.953465092719863683e-02
5.055949845879775806e-02
2.961158273111154111e-03
6.847728013753251464e-02
1.864852416637181529e-03
-5.063878619688179372e-02
-4.646670309230187951e-02
2.950216085297903412e-02
1.270680610480980945e-02
-2.361792008834573409e-02
-3.038579829628278422e-03
-1.458518810459482999e-02
2.035663074115625845e-02
-2.700414321468739762e-02
-2.587707268456249099e-02
-4.961807077002713950e-02
-8.132289343841434502e-04
6.685684475245184943e-02
5.826670827296751703e-02
5.779273496099932711e-02
2.130279836017809694e-02
1.873000626987099057e-02
6.721547715712820198e-03
-1.771867136033128398e-02
-2.593434506987874269e-02
-3.280286544335548476e-02
6.202724474592630904e-02
1.140199559777557992e-01
8.875913156214186583e-02
4.738020321689065395e-02
1.011092803593032913e-01
1.056897455148168713e-01
1.008329362220176800e-01
1.111834298792978848e-01
2.405268945088171947e-02
3.921277843004834784e-02
-1.279271148393346449e-02
1.511155762169012068e-02
-8.098464917208102187e-02
7.720329717769679363e-03
-3.650264996384075533e-02
4.843791080007636002e-03
-7.032177938923690752e-02
2.313221373678816042e-02
4.056291763487272078e-02
2.680561588075561913e-02
-1.826913461318385723e-02
-2.170799136312499475e-02
6.291635045831459050e-02
1.832818219790692191e-02
-1.361564674173394718e-02
-7.341812971356137313e-04
1.144619060828576743e-02
4.572647928892891594e-02
2.073922328159708006e-02
4.008159629078887620e-02
6.548325100164571755e-02
1.512511140131630148e-02
4.402468889618467440e-02
5.226342882622090485e-02
1.616225018463266980e-02
-1.910295876388658567e-02
5.067596683939425833e-02
4.831531019079997324e-02
3.018863531742430051e-02
2.371150887669204108e-02
3.957667359065811935e-02
5.865201825554051777e-03
1.063580234949373926e-02
2.938787692764878445e-02
1.134889078771484650e-01
6.233052076131229136e-02
5.894473594781219489e-02
8.267073097325787490e-02
1.155244636109418743e-01
9.375501846783908244e-02
1.258930042342606970e-01
1.072740795948143172e-01
4.671174854978237673e-02
9.646657415275880498e-02
1.057223207748551191e-01
7.571940710852972933e-02
4.336836366684711924e-02
2.665178201454306180e-03
-2.977975366703323676e-02
-3.994088315548759149e-02
5.013511523528592882e-03
-9.036066089544608423e-03
-1.157668811878526799e-02
1.034878061528965616e-02
-1.877683801106630468e-02
-1.312169399525337302e-02
2.345730851250373006e-03
-3.639242922844037297e-03
-2.695143035067871715e-02
3.958716401564678355e-03
-5.687583033848578849e-03
